78
105
106
212
690
744
825
1151
1205
1973
4547
4620
5290
5983
5984
5992
6220
7148
7300
8459
10773
11517
11551
11572
11590
11591
12139
12437
12470
12517
12622
12664
12941
12969
12984
12985
12996
13347
14263
14278
14415
14416
14429
14537
14588
14615
14718
14768
14828
14830
14922
15019
15080
15083
15686
15792
15943
16160
16192
16322
16724
16823
16832
16875
16876
16905
16930
17094
17263
17318
17533
17552
17585
17708
17714
17742
17800
17976
18135
18153
18288
18306
18307
18406
18559
18781
19017
19422
19593
19612
25354
25429
28564
29518
29657
29734
29749
29760
29771
30518
30519
30796
30866
30979
31069
31135
31142
31148
31157
31220
31699
31754
31755
32966
33000
33905
33920
34316
34880
34915
35160
35324
41799
42267
42268
42343
43596
43663
43664
43701
43702
44979
45024
45613
45697
45718
46147
46177
46654
50067
50494
50512
50679
51462
