78
105
106
130
212
313
353
609
690
705
744
786
825
1144
1145
1151
1205
1215
1414
1423
1973
3499
4547
4620
4964
4994
5290
5969
5983
5984
5992
6220
6547
7007
7148
7300
7301
8026
8459
9478
9853
10773
11517
11551
11572
11590
11591
11709
11758
12091
12139
12258
12259
12260
12437
12470
12517
12622
12664
12912
12941
12969
12984
12985
12996
13009
13108
13347
13435
13757
14221
14263
14264
14278
14279
14415
14416
14417
14418
14419
14420
14421
14429
14457
14537
14538
14588
14592
14615
14718
14768
14828
14830
14832
14922
14975
15019
15080
15083
15084
15137
15138
15686
15688
15709
15783
15792
15922
15943
16080
16160
16161
16162
16192
16262
16263
16322
16323
16348
16389
16724
16756
16762
16823
16832
16875
16876
16905
16930
17005
17076
17094
17095
17263
17318
17380
17382
17526
17533
17552
17585
17708
17714
17742
17800
17976
18135
18153
18288
18293
18294
18306
18307
18406
18466
18559
18702
18781
19017
19175
19408
19422
19435
19436
19444
19445
19593
19597
19612
19722
23151
25128
25354
25377
25429
26033
27073
27490
27987
28564
29030
29039
29342
29448
29459
29518
29657
29734
29735
29742
29749
29750
29760
29771
29772
29773
29816
29864
29865
29895
29921
30501
30503
30518
30519
30528
30529
30540
30796
30819
30866
30974
30979
30980
31069
31135
31142
31143
31146
31148
31157
31203
31217
31220
31309
31314
31318
31699
31726
31754
31755
32936
32966
33000
33078
33079
33108
33142
33905
33920
33923
33947
34316
34880
34890
34908
34915
35052
35160
35324
40287
40736
41129
41799
42267
42268
42273
42343
42345
43325
43461
43558
43559
43596
43597
43598
43639
43663
43664
43701
43702
44295
44523
44564
44956
44979
45024
45252
45253
45282
45283
45284
45495
45612
45613
45697
45707
45718
45793
45823
46005
46015
46147
46177
46654
50067
50494
50512
50679
50688
50926
51429
51462
