130
313
353
609
705
786
1144
1145
1215
1414
1423
3499
4964
4994
5969
6547
7007
7301
8026
9478
9853
11709
11758
12091
12258
12259
12260
12912
13009
13108
13435
13757
14221
14264
14279
14417
14418
14419
14420
14421
14457
14538
14592
14832
14975
15084
15137
15138
15688
15709
15783
15922
16080
16161
16162
16262
16263
16323
16348
16389
16756
16762
17005
17076
17095
17380
17382
17526
18293
18294
18466
18702
19175
19408
19435
19436
19444
19445
19597
19722
23151
25128
25377
26033
27073
27490
27987
29030
29039
29342
29448
29459
29735
29742
29750
29772
29773
29816
29864
29865
29895
29921
30501
30503
30528
30529
30540
30819
30974
30980
31143
31146
31203
31217
31309
31314
31318
31726
32936
33078
33079
33108
33142
33923
33947
34890
34908
35052
40287
40736
41129
42273
42345
43325
43461
43558
43559
43597
43598
43639
44295
44523
44564
44956
45252
45253
45282
45283
45284
45495
45612
45707
45793
45823
46005
46015
50688
50926
51429
